{
 "cells": [
  {
   "cell_type": "code",
   "execution_count": 1,
   "metadata": {},
   "outputs": [
    {
     "name": "stdout",
     "output_type": "stream",
     "text": [
      "Dimensionality = (60, 3)\n",
      "[[2.97644006e-02 9.70235407e-01 1.91912550e-07]\n",
      " [3.85713024e-02 9.61426220e-01 2.47747304e-06]\n",
      " [2.44002651e-02 9.75599713e-01 2.16252823e-08]\n",
      " [1.86909096e-02 9.81309090e-01 8.07574590e-10]\n",
      " [1.37640773e-02 9.86235923e-01 9.93606589e-12]\n",
      " [1.58674083e-02 9.84132592e-01 8.42447356e-11]\n",
      " [1.14191259e-02 9.88580874e-01 4.48947365e-13]\n",
      " [1.34349421e-02 9.86565058e-01 6.78305927e-12]\n",
      " [1.11995848e-02 9.88800415e-01 3.18533028e-13]\n",
      " [8.57645259e-03 9.91423547e-01 1.74498648e-15]\n",
      " [7.64696969e-03 9.92353030e-01 1.33051021e-16]\n",
      " [7.10275112e-03 9.92897249e-01 2.22285146e-17]\n",
      " [6.36154765e-03 9.93638452e-01 1.22221112e-18]\n",
      " [4.82376290e-03 9.95176237e-01 1.55549544e-22]\n",
      " [7.75866904e-03 9.92241331e-01 1.86665135e-16]\n",
      " [7.52759691e-03 9.92472403e-01 9.17205413e-17]\n",
      " [8.04550643e-03 9.91954494e-01 4.28205323e-16]\n",
      " [3.51864573e-03 9.96481354e-01 9.60903037e-30]\n",
      " [3.42631418e-03 9.96573686e-01 1.06921949e-30]\n",
      " [3.14390460e-03 9.96856095e-01 3.91217273e-35]\n",
      " [1.00000000e+00 2.67245688e-12 1.56443629e-57]\n",
      " [1.00000000e+00 4.26082753e-11 9.73970426e-49]\n",
      " [9.99999999e-01 1.40098281e-09 3.68939866e-38]\n",
      " [1.00000000e+00 2.65579518e-10 4.05324196e-43]\n",
      " [9.99999977e-01 2.25030673e-08 3.11711096e-30]\n",
      " [9.99999997e-01 2.52018974e-09 1.91287930e-36]\n",
      " [9.99999974e-01 2.59528826e-08 7.72534540e-30]\n",
      " [9.99999996e-01 4.22823192e-09 5.97494463e-35]\n",
      " [9.99999980e-01 1.98158593e-08 1.38414545e-30]\n",
      " [9.99999966e-01 3.43722391e-08 4.57504394e-29]\n",
      " [9.99999953e-01 4.74290492e-08 3.45975850e-28]\n",
      " [9.99999876e-01 1.24093364e-07 1.31878573e-25]\n",
      " [9.99999878e-01 1.21709730e-07 1.17161878e-25]\n",
      " [9.99999735e-01 2.65048706e-07 1.28402556e-23]\n",
      " [9.99999955e-01 4.53370639e-08 2.60841891e-28]\n",
      " [9.99999067e-01 9.33220139e-07 2.02379180e-20]\n",
      " [9.99998448e-01 1.55216175e-06 3.63693167e-19]\n",
      " [9.99997285e-01 2.71542629e-06 8.18923788e-18]\n",
      " [9.99955648e-01 4.43516655e-05 1.59283752e-11]\n",
      " [9.99987200e-01 1.28004505e-05 3.20565446e-14]\n",
      " [9.64689131e-01 9.53405294e-03 2.57768163e-02]\n",
      " [9.77001731e-01 7.96383733e-03 1.50344317e-02]\n",
      " [9.96373670e-01 2.97775078e-03 6.48579562e-04]\n",
      " [3.43634425e-01 2.15201653e-02 6.34845409e-01]\n",
      " [9.75390877e-01 8.19866977e-03 1.64104537e-02]\n",
      " [9.37822997e-01 1.19363656e-02 5.02406373e-02]\n",
      " [4.27396946e-01 2.18816340e-02 5.50721420e-01]\n",
      " [3.28570544e-01 2.14190231e-02 6.50010433e-01]\n",
      " [3.62198108e-01 2.16303800e-02 6.16171512e-01]\n",
      " [2.99837196e-01 2.11991858e-02 6.78963618e-01]\n",
      " [2.21768797e-01 2.04809383e-02 7.57750265e-01]\n",
      " [1.76497129e-01 2.01127714e-02 8.03390100e-01]\n",
      " [8.23252013e-02 2.50758227e-02 8.92598976e-01]\n",
      " [2.11943183e-01 2.03894641e-02 7.67667353e-01]\n",
      " [1.50351209e-01 2.00499057e-02 8.29598885e-01]\n",
      " [1.54779991e-01 2.00449518e-02 8.25175057e-01]\n",
      " [7.92109803e-02 5.93118654e-02 8.61477154e-01]\n",
      " [9.71905134e-02 2.18698473e-02 8.80939639e-01]\n",
      " [7.60625670e-02 4.95831879e-02 8.74354245e-01]\n",
      " [8.53513721e-02 2.40396004e-02 8.90609028e-01]]\n",
      "[1. 1. 1. 1. 1. 1. 1. 1. 1. 1. 1. 1. 1. 1. 1. 1. 1. 1. 1. 1. 1. 1. 1. 1.\n",
      " 1. 1. 1. 1. 1. 1. 1. 1. 1. 1. 1. 1. 1. 1. 1. 1. 1. 1. 1. 1. 1. 1. 1. 1.\n",
      " 1. 1. 1. 1. 1. 1. 1. 1. 1. 1. 1. 1.]\n"
     ]
    }
   ],
   "source": [
    "import numpy as np\n",
    "from scipy.stats import norm\n",
    "np.random.seed(0)\n",
    "\n",
    "X = np.linspace(-5,5,num=20)\n",
    "X0 = X*np.random.rand(len(X))+10 # Create data cluster 1\n",
    "X1 = X*np.random.rand(len(X))-10 # Create data cluster 2\n",
    "X2 = X*np.random.rand(len(X)) # Create data cluster 3\n",
    "X_tot = np.stack((X0,X1,X2)).flatten() # Combine the clusters to get the random datapoints from above\n",
    "\n",
    "\n",
    "\n",
    "\"\"\"Create the array r with dimensionality nxK\"\"\"\n",
    "r = np.zeros((len(X_tot),3))  \n",
    "print('Dimensionality','=',np.shape(r))\n",
    "\n",
    "\"\"\"Instantiate the random gaussians\"\"\"\n",
    "\n",
    "gauss_1 = norm(loc=-5,scale=5) \n",
    "gauss_2 = norm(loc=8,scale=3)\n",
    "gauss_3 = norm(loc=1.5,scale=1)\n",
    "\n",
    "\"\"\"\n",
    "Probability for each datapoint x_i to belong to gaussian g \n",
    "\"\"\"\n",
    "for c,g in zip(range(3),[gauss_1,gauss_2,gauss_3]):\n",
    "    r[:,c] = g.pdf(X_tot) # Write the probability that x belongs to gaussian c in column c. \n",
    "                          # Therewith we get a 60x3 array filled with the probability that each x_i belongs to one of the gaussians\n",
    "\"\"\"\n",
    "Normalize the probabilities such that each row of r sums to 1\n",
    "\"\"\"\n",
    "for i in range(len(r)):\n",
    "    r[i] = r[i]/np.sum(r,axis=1)[i] \n",
    "    \n",
    "print(r)\n",
    "print(np.sum(r,axis=1)) # As we can see, as result each row sums up to one, just as we want it."
   ]
  },
  {
   "cell_type": "code",
   "execution_count": 2,
   "metadata": {},
   "outputs": [
    {
     "name": "stdout",
     "output_type": "stream",
     "text": [
      "Dimensionality = (60, 3)\n",
      "[[2.97644006e-02 9.70235407e-01 1.91912550e-07]\n",
      " [3.85713024e-02 9.61426220e-01 2.47747304e-06]\n",
      " [2.44002651e-02 9.75599713e-01 2.16252823e-08]\n",
      " [1.86909096e-02 9.81309090e-01 8.07574590e-10]\n",
      " [1.37640773e-02 9.86235923e-01 9.93606589e-12]\n",
      " [1.58674083e-02 9.84132592e-01 8.42447356e-11]\n",
      " [1.14191259e-02 9.88580874e-01 4.48947365e-13]\n",
      " [1.34349421e-02 9.86565058e-01 6.78305927e-12]\n",
      " [1.11995848e-02 9.88800415e-01 3.18533028e-13]\n",
      " [8.57645259e-03 9.91423547e-01 1.74498648e-15]\n",
      " [7.64696969e-03 9.92353030e-01 1.33051021e-16]\n",
      " [7.10275112e-03 9.92897249e-01 2.22285146e-17]\n",
      " [6.36154765e-03 9.93638452e-01 1.22221112e-18]\n",
      " [4.82376290e-03 9.95176237e-01 1.55549544e-22]\n",
      " [7.75866904e-03 9.92241331e-01 1.86665135e-16]\n",
      " [7.52759691e-03 9.92472403e-01 9.17205413e-17]\n",
      " [8.04550643e-03 9.91954494e-01 4.28205323e-16]\n",
      " [3.51864573e-03 9.96481354e-01 9.60903037e-30]\n",
      " [3.42631418e-03 9.96573686e-01 1.06921949e-30]\n",
      " [3.14390460e-03 9.96856095e-01 3.91217273e-35]\n",
      " [1.00000000e+00 2.67245688e-12 1.56443629e-57]\n",
      " [1.00000000e+00 4.26082753e-11 9.73970426e-49]\n",
      " [9.99999999e-01 1.40098281e-09 3.68939866e-38]\n",
      " [1.00000000e+00 2.65579518e-10 4.05324196e-43]\n",
      " [9.99999977e-01 2.25030673e-08 3.11711096e-30]\n",
      " [9.99999997e-01 2.52018974e-09 1.91287930e-36]\n",
      " [9.99999974e-01 2.59528826e-08 7.72534540e-30]\n",
      " [9.99999996e-01 4.22823192e-09 5.97494463e-35]\n",
      " [9.99999980e-01 1.98158593e-08 1.38414545e-30]\n",
      " [9.99999966e-01 3.43722391e-08 4.57504394e-29]\n",
      " [9.99999953e-01 4.74290492e-08 3.45975850e-28]\n",
      " [9.99999876e-01 1.24093364e-07 1.31878573e-25]\n",
      " [9.99999878e-01 1.21709730e-07 1.17161878e-25]\n",
      " [9.99999735e-01 2.65048706e-07 1.28402556e-23]\n",
      " [9.99999955e-01 4.53370639e-08 2.60841891e-28]\n",
      " [9.99999067e-01 9.33220139e-07 2.02379180e-20]\n",
      " [9.99998448e-01 1.55216175e-06 3.63693167e-19]\n",
      " [9.99997285e-01 2.71542629e-06 8.18923788e-18]\n",
      " [9.99955648e-01 4.43516655e-05 1.59283752e-11]\n",
      " [9.99987200e-01 1.28004505e-05 3.20565446e-14]\n",
      " [9.64689131e-01 9.53405294e-03 2.57768163e-02]\n",
      " [9.77001731e-01 7.96383733e-03 1.50344317e-02]\n",
      " [9.96373670e-01 2.97775078e-03 6.48579562e-04]\n",
      " [3.43634425e-01 2.15201653e-02 6.34845409e-01]\n",
      " [9.75390877e-01 8.19866977e-03 1.64104537e-02]\n",
      " [9.37822997e-01 1.19363656e-02 5.02406373e-02]\n",
      " [4.27396946e-01 2.18816340e-02 5.50721420e-01]\n",
      " [3.28570544e-01 2.14190231e-02 6.50010433e-01]\n",
      " [3.62198108e-01 2.16303800e-02 6.16171512e-01]\n",
      " [2.99837196e-01 2.11991858e-02 6.78963618e-01]\n",
      " [2.21768797e-01 2.04809383e-02 7.57750265e-01]\n",
      " [1.76497129e-01 2.01127714e-02 8.03390100e-01]\n",
      " [8.23252013e-02 2.50758227e-02 8.92598976e-01]\n",
      " [2.11943183e-01 2.03894641e-02 7.67667353e-01]\n",
      " [1.50351209e-01 2.00499057e-02 8.29598885e-01]\n",
      " [1.54779991e-01 2.00449518e-02 8.25175057e-01]\n",
      " [7.92109803e-02 5.93118654e-02 8.61477154e-01]\n",
      " [9.71905134e-02 2.18698473e-02 8.80939639e-01]\n",
      " [7.60625670e-02 4.95831879e-02 8.74354245e-01]\n",
      " [8.53513721e-02 2.40396004e-02 8.90609028e-01]]\n",
      "[1. 1. 1. 1. 1. 1. 1. 1. 1. 1. 1. 1. 1. 1. 1. 1. 1. 1. 1. 1. 1. 1. 1. 1.\n",
      " 1. 1. 1. 1. 1. 1. 1. 1. 1. 1. 1. 1. 1. 1. 1. 1. 1. 1. 1. 1. 1. 1. 1. 1.\n",
      " 1. 1. 1. 1. 1. 1. 1. 1. 1. 1. 1. 1.]\n"
     ]
    }
   ],
   "source": [
    "import matplotlib.pyplot as plt\n",
    "from matplotlib import style\n",
    "style.use('fivethirtyeight')\n",
    "import numpy as np\n",
    "from scipy.stats import norm\n",
    "np.random.seed(0)\n",
    "\n",
    "X = np.linspace(-5,5,num=20)\n",
    "X0 = X*np.random.rand(len(X))+10 # Create data cluster 1\n",
    "X1 = X*np.random.rand(len(X))-10 # Create data cluster 2\n",
    "X2 = X*np.random.rand(len(X)) # Create data cluster 3\n",
    "X_tot = np.stack((X0,X1,X2)).flatten() # Combine the clusters to get the random datapoints from above\n",
    "\n",
    "\n",
    "\n",
    "\"\"\"Create the array r with dimensionality nxK\"\"\"\n",
    "r = np.zeros((len(X_tot),3))  \n",
    "print('Dimensionality','=',np.shape(r))\n",
    "\n",
    "\"\"\"Instantiate the random gaussians\"\"\"\n",
    "\n",
    "gauss_1 = norm(loc=-5,scale=5) \n",
    "gauss_2 = norm(loc=8,scale=3)\n",
    "gauss_3 = norm(loc=1.5,scale=1)\n",
    "\n",
    "\"\"\"Instantiate the random pi_c\"\"\"\n",
    "pi = np.array([1/3,1/3,1/3]) # We expect to have three clusters \n",
    "\n",
    "\n",
    "\"\"\"\n",
    "Probability for each datapoint x_i to belong to gaussian g \n",
    "\"\"\"\n",
    "for c,g,p in zip(range(3),[gauss_1,gauss_2,gauss_3],pi):\n",
    "    r[:,c] = p*g.pdf(X_tot) # Write the probability that x belongs to gaussian c in column c. \n",
    "                          # Therewith we get a 60x3 array filled with the probability that each x_i belongs to one of the gaussians\n",
    "\"\"\"\n",
    "Normalize the probabilities such that each row of r sums to 1 and weight it by pi_c == the fraction of points belonging to \n",
    "cluster c\n",
    "\"\"\"\n",
    "for i in range(len(r)):\n",
    "    r[i] = r[i]/(np.sum(pi)*np.sum(r,axis=1)[i])\n",
    "\n",
    "print(r)\n",
    "print(np.sum(r,axis=1)) # As we can see, as result each row sums up to one, just as we want it."
   ]
  },
  {
   "cell_type": "code",
   "execution_count": 3,
   "metadata": {},
   "outputs": [
    {
     "name": "stderr",
     "output_type": "stream",
     "text": [
      "*c* argument looks like a single numeric RGB or RGBA sequence, which should be avoided as value-mapping will have precedence in case its length matches with *x* & *y*.  Please use the *color* keyword-argument or provide a 2-D array with a single row if you intend to specify the same RGB or RGBA value for all points.\n",
      "*c* argument looks like a single numeric RGB or RGBA sequence, which should be avoided as value-mapping will have precedence in case its length matches with *x* & *y*.  Please use the *color* keyword-argument or provide a 2-D array with a single row if you intend to specify the same RGB or RGBA value for all points.\n",
      "*c* argument looks like a single numeric RGB or RGBA sequence, which should be avoided as value-mapping will have precedence in case its length matches with *x* & *y*.  Please use the *color* keyword-argument or provide a 2-D array with a single row if you intend to specify the same RGB or RGBA value for all points.\n",
      "*c* argument looks like a single numeric RGB or RGBA sequence, which should be avoided as value-mapping will have precedence in case its length matches with *x* & *y*.  Please use the *color* keyword-argument or provide a 2-D array with a single row if you intend to specify the same RGB or RGBA value for all points.\n",
      "*c* argument looks like a single numeric RGB or RGBA sequence, which should be avoided as value-mapping will have precedence in case its length matches with *x* & *y*.  Please use the *color* keyword-argument or provide a 2-D array with a single row if you intend to specify the same RGB or RGBA value for all points.\n",
      "*c* argument looks like a single numeric RGB or RGBA sequence, which should be avoided as value-mapping will have precedence in case its length matches with *x* & *y*.  Please use the *color* keyword-argument or provide a 2-D array with a single row if you intend to specify the same RGB or RGBA value for all points.\n",
      "*c* argument looks like a single numeric RGB or RGBA sequence, which should be avoided as value-mapping will have precedence in case its length matches with *x* & *y*.  Please use the *color* keyword-argument or provide a 2-D array with a single row if you intend to specify the same RGB or RGBA value for all points.\n",
      "*c* argument looks like a single numeric RGB or RGBA sequence, which should be avoided as value-mapping will have precedence in case its length matches with *x* & *y*.  Please use the *color* keyword-argument or provide a 2-D array with a single row if you intend to specify the same RGB or RGBA value for all points.\n",
      "*c* argument looks like a single numeric RGB or RGBA sequence, which should be avoided as value-mapping will have precedence in case its length matches with *x* & *y*.  Please use the *color* keyword-argument or provide a 2-D array with a single row if you intend to specify the same RGB or RGBA value for all points.\n",
      "*c* argument looks like a single numeric RGB or RGBA sequence, which should be avoided as value-mapping will have precedence in case its length matches with *x* & *y*.  Please use the *color* keyword-argument or provide a 2-D array with a single row if you intend to specify the same RGB or RGBA value for all points.\n",
      "*c* argument looks like a single numeric RGB or RGBA sequence, which should be avoided as value-mapping will have precedence in case its length matches with *x* & *y*.  Please use the *color* keyword-argument or provide a 2-D array with a single row if you intend to specify the same RGB or RGBA value for all points.\n",
      "*c* argument looks like a single numeric RGB or RGBA sequence, which should be avoided as value-mapping will have precedence in case its length matches with *x* & *y*.  Please use the *color* keyword-argument or provide a 2-D array with a single row if you intend to specify the same RGB or RGBA value for all points.\n",
      "*c* argument looks like a single numeric RGB or RGBA sequence, which should be avoided as value-mapping will have precedence in case its length matches with *x* & *y*.  Please use the *color* keyword-argument or provide a 2-D array with a single row if you intend to specify the same RGB or RGBA value for all points.\n",
      "*c* argument looks like a single numeric RGB or RGBA sequence, which should be avoided as value-mapping will have precedence in case its length matches with *x* & *y*.  Please use the *color* keyword-argument or provide a 2-D array with a single row if you intend to specify the same RGB or RGBA value for all points.\n",
      "*c* argument looks like a single numeric RGB or RGBA sequence, which should be avoided as value-mapping will have precedence in case its length matches with *x* & *y*.  Please use the *color* keyword-argument or provide a 2-D array with a single row if you intend to specify the same RGB or RGBA value for all points.\n",
      "*c* argument looks like a single numeric RGB or RGBA sequence, which should be avoided as value-mapping will have precedence in case its length matches with *x* & *y*.  Please use the *color* keyword-argument or provide a 2-D array with a single row if you intend to specify the same RGB or RGBA value for all points.\n",
      "*c* argument looks like a single numeric RGB or RGBA sequence, which should be avoided as value-mapping will have precedence in case its length matches with *x* & *y*.  Please use the *color* keyword-argument or provide a 2-D array with a single row if you intend to specify the same RGB or RGBA value for all points.\n",
      "*c* argument looks like a single numeric RGB or RGBA sequence, which should be avoided as value-mapping will have precedence in case its length matches with *x* & *y*.  Please use the *color* keyword-argument or provide a 2-D array with a single row if you intend to specify the same RGB or RGBA value for all points.\n",
      "*c* argument looks like a single numeric RGB or RGBA sequence, which should be avoided as value-mapping will have precedence in case its length matches with *x* & *y*.  Please use the *color* keyword-argument or provide a 2-D array with a single row if you intend to specify the same RGB or RGBA value for all points.\n",
      "*c* argument looks like a single numeric RGB or RGBA sequence, which should be avoided as value-mapping will have precedence in case its length matches with *x* & *y*.  Please use the *color* keyword-argument or provide a 2-D array with a single row if you intend to specify the same RGB or RGBA value for all points.\n",
      "*c* argument looks like a single numeric RGB or RGBA sequence, which should be avoided as value-mapping will have precedence in case its length matches with *x* & *y*.  Please use the *color* keyword-argument or provide a 2-D array with a single row if you intend to specify the same RGB or RGBA value for all points.\n",
      "*c* argument looks like a single numeric RGB or RGBA sequence, which should be avoided as value-mapping will have precedence in case its length matches with *x* & *y*.  Please use the *color* keyword-argument or provide a 2-D array with a single row if you intend to specify the same RGB or RGBA value for all points.\n",
      "*c* argument looks like a single numeric RGB or RGBA sequence, which should be avoided as value-mapping will have precedence in case its length matches with *x* & *y*.  Please use the *color* keyword-argument or provide a 2-D array with a single row if you intend to specify the same RGB or RGBA value for all points.\n",
      "*c* argument looks like a single numeric RGB or RGBA sequence, which should be avoided as value-mapping will have precedence in case its length matches with *x* & *y*.  Please use the *color* keyword-argument or provide a 2-D array with a single row if you intend to specify the same RGB or RGBA value for all points.\n",
      "*c* argument looks like a single numeric RGB or RGBA sequence, which should be avoided as value-mapping will have precedence in case its length matches with *x* & *y*.  Please use the *color* keyword-argument or provide a 2-D array with a single row if you intend to specify the same RGB or RGBA value for all points.\n",
      "*c* argument looks like a single numeric RGB or RGBA sequence, which should be avoided as value-mapping will have precedence in case its length matches with *x* & *y*.  Please use the *color* keyword-argument or provide a 2-D array with a single row if you intend to specify the same RGB or RGBA value for all points.\n"
     ]
    },
    {
     "name": "stderr",
     "output_type": "stream",
     "text": [
      "*c* argument looks like a single numeric RGB or RGBA sequence, which should be avoided as value-mapping will have precedence in case its length matches with *x* & *y*.  Please use the *color* keyword-argument or provide a 2-D array with a single row if you intend to specify the same RGB or RGBA value for all points.\n",
      "*c* argument looks like a single numeric RGB or RGBA sequence, which should be avoided as value-mapping will have precedence in case its length matches with *x* & *y*.  Please use the *color* keyword-argument or provide a 2-D array with a single row if you intend to specify the same RGB or RGBA value for all points.\n",
      "*c* argument looks like a single numeric RGB or RGBA sequence, which should be avoided as value-mapping will have precedence in case its length matches with *x* & *y*.  Please use the *color* keyword-argument or provide a 2-D array with a single row if you intend to specify the same RGB or RGBA value for all points.\n",
      "*c* argument looks like a single numeric RGB or RGBA sequence, which should be avoided as value-mapping will have precedence in case its length matches with *x* & *y*.  Please use the *color* keyword-argument or provide a 2-D array with a single row if you intend to specify the same RGB or RGBA value for all points.\n",
      "*c* argument looks like a single numeric RGB or RGBA sequence, which should be avoided as value-mapping will have precedence in case its length matches with *x* & *y*.  Please use the *color* keyword-argument or provide a 2-D array with a single row if you intend to specify the same RGB or RGBA value for all points.\n",
      "*c* argument looks like a single numeric RGB or RGBA sequence, which should be avoided as value-mapping will have precedence in case its length matches with *x* & *y*.  Please use the *color* keyword-argument or provide a 2-D array with a single row if you intend to specify the same RGB or RGBA value for all points.\n",
      "*c* argument looks like a single numeric RGB or RGBA sequence, which should be avoided as value-mapping will have precedence in case its length matches with *x* & *y*.  Please use the *color* keyword-argument or provide a 2-D array with a single row if you intend to specify the same RGB or RGBA value for all points.\n",
      "*c* argument looks like a single numeric RGB or RGBA sequence, which should be avoided as value-mapping will have precedence in case its length matches with *x* & *y*.  Please use the *color* keyword-argument or provide a 2-D array with a single row if you intend to specify the same RGB or RGBA value for all points.\n",
      "*c* argument looks like a single numeric RGB or RGBA sequence, which should be avoided as value-mapping will have precedence in case its length matches with *x* & *y*.  Please use the *color* keyword-argument or provide a 2-D array with a single row if you intend to specify the same RGB or RGBA value for all points.\n",
      "*c* argument looks like a single numeric RGB or RGBA sequence, which should be avoided as value-mapping will have precedence in case its length matches with *x* & *y*.  Please use the *color* keyword-argument or provide a 2-D array with a single row if you intend to specify the same RGB or RGBA value for all points.\n",
      "*c* argument looks like a single numeric RGB or RGBA sequence, which should be avoided as value-mapping will have precedence in case its length matches with *x* & *y*.  Please use the *color* keyword-argument or provide a 2-D array with a single row if you intend to specify the same RGB or RGBA value for all points.\n",
      "*c* argument looks like a single numeric RGB or RGBA sequence, which should be avoided as value-mapping will have precedence in case its length matches with *x* & *y*.  Please use the *color* keyword-argument or provide a 2-D array with a single row if you intend to specify the same RGB or RGBA value for all points.\n",
      "*c* argument looks like a single numeric RGB or RGBA sequence, which should be avoided as value-mapping will have precedence in case its length matches with *x* & *y*.  Please use the *color* keyword-argument or provide a 2-D array with a single row if you intend to specify the same RGB or RGBA value for all points.\n",
      "*c* argument looks like a single numeric RGB or RGBA sequence, which should be avoided as value-mapping will have precedence in case its length matches with *x* & *y*.  Please use the *color* keyword-argument or provide a 2-D array with a single row if you intend to specify the same RGB or RGBA value for all points.\n",
      "*c* argument looks like a single numeric RGB or RGBA sequence, which should be avoided as value-mapping will have precedence in case its length matches with *x* & *y*.  Please use the *color* keyword-argument or provide a 2-D array with a single row if you intend to specify the same RGB or RGBA value for all points.\n",
      "*c* argument looks like a single numeric RGB or RGBA sequence, which should be avoided as value-mapping will have precedence in case its length matches with *x* & *y*.  Please use the *color* keyword-argument or provide a 2-D array with a single row if you intend to specify the same RGB or RGBA value for all points.\n",
      "*c* argument looks like a single numeric RGB or RGBA sequence, which should be avoided as value-mapping will have precedence in case its length matches with *x* & *y*.  Please use the *color* keyword-argument or provide a 2-D array with a single row if you intend to specify the same RGB or RGBA value for all points.\n",
      "*c* argument looks like a single numeric RGB or RGBA sequence, which should be avoided as value-mapping will have precedence in case its length matches with *x* & *y*.  Please use the *color* keyword-argument or provide a 2-D array with a single row if you intend to specify the same RGB or RGBA value for all points.\n",
      "*c* argument looks like a single numeric RGB or RGBA sequence, which should be avoided as value-mapping will have precedence in case its length matches with *x* & *y*.  Please use the *color* keyword-argument or provide a 2-D array with a single row if you intend to specify the same RGB or RGBA value for all points.\n",
      "*c* argument looks like a single numeric RGB or RGBA sequence, which should be avoided as value-mapping will have precedence in case its length matches with *x* & *y*.  Please use the *color* keyword-argument or provide a 2-D array with a single row if you intend to specify the same RGB or RGBA value for all points.\n",
      "*c* argument looks like a single numeric RGB or RGBA sequence, which should be avoided as value-mapping will have precedence in case its length matches with *x* & *y*.  Please use the *color* keyword-argument or provide a 2-D array with a single row if you intend to specify the same RGB or RGBA value for all points.\n",
      "*c* argument looks like a single numeric RGB or RGBA sequence, which should be avoided as value-mapping will have precedence in case its length matches with *x* & *y*.  Please use the *color* keyword-argument or provide a 2-D array with a single row if you intend to specify the same RGB or RGBA value for all points.\n",
      "*c* argument looks like a single numeric RGB or RGBA sequence, which should be avoided as value-mapping will have precedence in case its length matches with *x* & *y*.  Please use the *color* keyword-argument or provide a 2-D array with a single row if you intend to specify the same RGB or RGBA value for all points.\n",
      "*c* argument looks like a single numeric RGB or RGBA sequence, which should be avoided as value-mapping will have precedence in case its length matches with *x* & *y*.  Please use the *color* keyword-argument or provide a 2-D array with a single row if you intend to specify the same RGB or RGBA value for all points.\n",
      "*c* argument looks like a single numeric RGB or RGBA sequence, which should be avoided as value-mapping will have precedence in case its length matches with *x* & *y*.  Please use the *color* keyword-argument or provide a 2-D array with a single row if you intend to specify the same RGB or RGBA value for all points.\n",
      "*c* argument looks like a single numeric RGB or RGBA sequence, which should be avoided as value-mapping will have precedence in case its length matches with *x* & *y*.  Please use the *color* keyword-argument or provide a 2-D array with a single row if you intend to specify the same RGB or RGBA value for all points.\n"
     ]
    },
    {
     "name": "stderr",
     "output_type": "stream",
     "text": [
      "*c* argument looks like a single numeric RGB or RGBA sequence, which should be avoided as value-mapping will have precedence in case its length matches with *x* & *y*.  Please use the *color* keyword-argument or provide a 2-D array with a single row if you intend to specify the same RGB or RGBA value for all points.\n",
      "*c* argument looks like a single numeric RGB or RGBA sequence, which should be avoided as value-mapping will have precedence in case its length matches with *x* & *y*.  Please use the *color* keyword-argument or provide a 2-D array with a single row if you intend to specify the same RGB or RGBA value for all points.\n",
      "*c* argument looks like a single numeric RGB or RGBA sequence, which should be avoided as value-mapping will have precedence in case its length matches with *x* & *y*.  Please use the *color* keyword-argument or provide a 2-D array with a single row if you intend to specify the same RGB or RGBA value for all points.\n",
      "*c* argument looks like a single numeric RGB or RGBA sequence, which should be avoided as value-mapping will have precedence in case its length matches with *x* & *y*.  Please use the *color* keyword-argument or provide a 2-D array with a single row if you intend to specify the same RGB or RGBA value for all points.\n",
      "*c* argument looks like a single numeric RGB or RGBA sequence, which should be avoided as value-mapping will have precedence in case its length matches with *x* & *y*.  Please use the *color* keyword-argument or provide a 2-D array with a single row if you intend to specify the same RGB or RGBA value for all points.\n",
      "*c* argument looks like a single numeric RGB or RGBA sequence, which should be avoided as value-mapping will have precedence in case its length matches with *x* & *y*.  Please use the *color* keyword-argument or provide a 2-D array with a single row if you intend to specify the same RGB or RGBA value for all points.\n",
      "*c* argument looks like a single numeric RGB or RGBA sequence, which should be avoided as value-mapping will have precedence in case its length matches with *x* & *y*.  Please use the *color* keyword-argument or provide a 2-D array with a single row if you intend to specify the same RGB or RGBA value for all points.\n",
      "*c* argument looks like a single numeric RGB or RGBA sequence, which should be avoided as value-mapping will have precedence in case its length matches with *x* & *y*.  Please use the *color* keyword-argument or provide a 2-D array with a single row if you intend to specify the same RGB or RGBA value for all points.\n"
     ]
    },
    {
     "data": {
